BAF: 1270 days, tower ops 185,650, detected ops 34,282, detected / tower 0.185, daily correlation 0.333
  detected approaches 17,447, climb-outs 16,835, rotorcraft visits near the field 1,118
  by airport (detected ops): KBAF 34,282
  month     days   tower    detected  ratio
  2023-02     13    1,228          0  0.000
  2023-03     29    3,866          0  0.000
  2023-04     30    4,106         12  0.003
  2023-05     31    4,275          5  0.001
  2023-06     30    4,981          2  0.000
  2023-07     31    4,737          7  0.001
  2023-08     30    5,293          5  0.001
  2023-09     29    5,628          5  0.001
  2023-10     31    5,872          3  0.001
  2023-11     29    4,597          2  0.000
  2023-12     30    3,277          9  0.003
  2024-01     31    2,629         46  0.017
  2024-02     29    4,001         30  0.007
  2024-03     31    3,348         15  0.004
  2024-04     30    4,542          7  0.002
  2024-05     31    4,765          0  0.000
  2024-06     29    5,063          0  0.000
  2024-07     31    4,528          7  0.002
  2024-08     31    4,769          2  0.000
  2024-09     30    5,518          5  0.001
  2024-10     31    4,840         21  0.004
  2024-11     30    3,632         35  0.010
  2024-12     31    3,335        101  0.030
  2025-01     31    2,872        101  0.035
  2025-02     28    2,780         62  0.022
  2025-03     30    3,894         22  0.006
  2025-04     30    4,578         11  0.002
  2025-05     30    4,035          2  0.000
  2025-06     29    5,318         65  0.012
  2025-07     31    6,118      1,249  0.204
  2025-08     29    5,964      1,347  0.226
  2025-09     24    4,108      2,106  0.513
  2025-10     30    4,243      3,099  0.730
  2025-11     30    3,762      2,670  0.710
  2025-12     31    3,007      1,842  0.613
  2026-01     31    3,147      1,798  0.571
  2026-02     26    3,031      1,883  0.621
  2026-03     31    3,589      2,126  0.592
  2026-04     30    3,882      2,283  0.588
  2026-05     29    4,556      2,804  0.615
  2026-06     30    5,899      3,265  0.553
  2026-07     31    5,352      3,406  0.636
  2026-08     31    6,685      3,822  0.572

BDR: 1258 days, tower ops 254,907, detected ops 198,642, detected / tower 0.779, daily correlation 0.827
  detected approaches 100,074, climb-outs 98,568, rotorcraft visits near the field 9,027
  by airport (detected ops): KBDR 198,642
  month     days   tower    detected  ratio
  2023-02     12    1,712        296  0.173
  2023-03     31    5,466          8  0.001
  2023-04     30    4,954         20  0.004
  2023-05     31    7,035         19  0.003
  2023-06     30    5,439          5  0.001
  2023-07     30    5,938      2,565  0.432
  2023-08     29    5,835      3,614  0.619
  2023-09     30    5,218      3,357  0.643
  2023-10     31    6,095      4,025  0.660
  2023-11     29    6,457      4,693  0.727
  2023-12     31    4,222      3,009  0.713
  2024-01     30    3,274      2,413  0.737
  2024-02     29    4,926      3,636  0.738
  2024-03     31    4,957      3,430  0.692
  2024-04     30    6,150      4,456  0.725
  2024-05     31    7,812      5,407  0.692
  2024-06     30    7,270      5,381  0.740
  2024-07     31    7,448      7,097  0.953
  2024-08     31    7,338      6,932  0.945
  2024-09     30    7,577      7,061  0.932
  2024-10     31    8,668      8,544  0.986
  2024-11     30    5,787      5,783  0.999
  2024-12     31    4,028      3,697  0.918
  2025-01     31    3,745      3,539  0.945
  2025-02     26    3,892      3,634  0.934
  2025-03     30    5,137      4,916  0.957
  2025-04     30    6,048      5,670  0.938
  2025-05     31    5,806      5,711  0.984
  2025-06     30    7,482      7,053  0.943
  2025-07     31    7,144      6,696  0.937
  2025-08     31    7,388      7,049  0.954
  2025-09     26    5,632      5,273  0.936
  2025-10     31    6,746      6,304  0.934
  2025-11     30    5,528      5,091  0.921
  2025-12     31    4,180      3,966  0.949
  2026-01     25    3,934      3,741  0.951
  2026-02     20    3,678      3,709  1.008
  2026-03     31    6,288      6,083  0.967
  2026-04     24    5,391      4,745  0.880
  2026-05     29    7,170      6,243  0.871
  2026-06     30    9,240      8,218  0.889
  2026-07     31    7,887      7,368  0.934
  2026-08     31    8,985      8,185  0.911

BED: 1291 days, tower ops 427,051, detected ops 332,322, detected / tower 0.778, daily correlation 0.807
  detected approaches 171,412, climb-outs 160,910, rotorcraft visits near the field 5,699
  by airport (detected ops): KBED 332,322
  month     days   tower    detected  ratio
  2023-02     13    3,202        787  0.246
  2023-03     31    9,467      4,335  0.458
  2023-04     30    9,598      4,325  0.451
  2023-05     31   12,415      6,548  0.527
  2023-06     30   11,011      5,172  0.470
  2023-07     31   11,437      6,025  0.527
  2023-08     31   11,089      6,223  0.561
  2023-09     30   10,514      5,631  0.536
  2023-10     31   11,854      7,140  0.602
  2023-11     30   10,905      6,858  0.629
  2023-12     31    8,749      6,943  0.794
  2024-01     31    7,465      6,410  0.859
  2024-02     29    9,246      7,407  0.801
  2024-03     31    8,264      5,863  0.709
  2024-04     30   10,579      8,362  0.790
  2024-05     31   11,103      5,480  0.494
  2024-06     30   11,357      7,627  0.672
  2024-07     31   10,619      6,377  0.601
  2024-08     31   10,492      5,651  0.539
  2024-09     30   10,748      7,559  0.703
  2024-10     31   11,523     10,940  0.949
  2024-11     30    9,273      8,949  0.965
  2024-12     31    8,474      8,249  0.973
  2025-01     31    6,896      6,661  0.966
  2025-02     28    7,126      6,782  0.952
  2025-03     31    7,655      7,151  0.934
  2025-04     30    8,947      8,256  0.923
  2025-05     31   10,378      9,505  0.916
  2025-06     30   10,216      9,290  0.909
  2025-07     31   10,879     10,240  0.941
  2025-08     31   13,134     12,531  0.954
  2025-09     30   12,312     11,973  0.972
  2025-10     31   11,124     10,730  0.965
  2025-11     30    9,859      9,511  0.965
  2025-12     31    7,904      7,528  0.952
  2026-01     31    7,382      6,874  0.931
  2026-02     28    7,041      6,866  0.975
  2026-03     31    8,993      8,512  0.947
  2026-04     30    9,822      9,214  0.938
  2026-05     29   10,339      9,142  0.884
  2026-06     30   12,137      9,906  0.816
  2026-07     31   12,658     11,305  0.893
  2026-08     31   12,865     11,484  0.893

BVY: 1280 days, tower ops 275,410, detected ops 186,676, detected / tower 0.678, daily correlation 0.913
  detected approaches 92,147, climb-outs 94,529, rotorcraft visits near the field 3,595
  by airport (detected ops): KBVY 186,676
  month     days   tower    detected  ratio
  2023-02     13    2,180        575  0.264
  2023-03     30    6,618      3,826  0.578
  2023-04     29    6,904      4,157  0.602
  2023-05     29    8,089      4,788  0.592
  2023-06     30    7,198      4,829  0.671
  2023-07     31    8,199      5,756  0.702
  2023-08     31    8,313      5,527  0.665
  2023-09     30    7,122      4,374  0.614
  2023-10     31    8,538      5,802  0.680
  2023-11     30    7,902      5,663  0.717
  2023-12     31    5,676      4,544  0.801
  2024-01     31    5,769      4,478  0.776
  2024-02     29    6,769      5,062  0.748
  2024-03     31    5,094      3,598  0.706
  2024-04     30    8,798      6,760  0.768
  2024-05     31    8,005      5,001  0.625
  2024-06     30    8,862      4,594  0.518
  2024-07     31    9,177      4,878  0.532
  2024-08     31    9,721      5,631  0.579
  2024-09     29    8,421      5,064  0.601
  2024-10     31    8,764      5,778  0.659
  2024-11     30    6,600      4,225  0.640
  2024-12     31    5,447      3,710  0.681
  2025-01     31    4,512      3,040  0.674
  2025-02     28    4,658      3,028  0.650
  2025-03     31    4,862      2,858  0.588
  2025-04     30    6,077      4,940  0.813
  2025-05     31    6,164      5,060  0.821
  2025-06     30    5,929      5,073  0.856
  2025-07     31    5,599      4,703  0.840
  2025-08     31    8,091      6,853  0.847
  2025-09     29    6,903      5,952  0.862
  2025-10     31    5,748      4,841  0.842
  2025-11     28    4,637      3,962  0.854
  2025-12     31    3,681      2,566  0.697
  2026-01     30    3,447      1,860  0.540
  2026-02     27    4,056      2,150  0.530
  2026-03     31    4,446      2,918  0.656
  2026-04     29    4,687      3,250  0.693
  2026-05     29    4,925      2,883  0.585
  2026-06     30    6,369      3,173  0.498
  2026-07     31    5,622      4,082  0.726
  2026-08     31    6,831      4,864  0.712

DXR: 1197 days, tower ops 196,871, detected ops 68,298, detected / tower 0.347, daily correlation 0.664
  detected approaches 35,279, climb-outs 33,019, rotorcraft visits near the field 933
  by airport (detected ops): KDXR 68,298
  month     days   tower    detected  ratio
  2023-02     13      952          1  0.001
  2023-03     31    3,091          3  0.001
  2023-04     30    3,286         19  0.006
  2023-05     30    5,362         14  0.003
  2023-06     30    4,858          3  0.001
  2023-07     31    5,389          1  0.000
  2023-08     31    5,344         21  0.004
  2023-09     19    1,949         10  0.005
  2023-10     23    3,670        185  0.050
  2023-11     22    3,416        230  0.067
  2023-12     22    2,001        120  0.060
  2024-01     27    2,836        268  0.094
  2024-02     21    3,055        199  0.065
  2024-03     21    2,244         35  0.016
  2024-04     23    3,977        270  0.068
  2024-05     22    4,225        215  0.051
  2024-06     28    6,016        560  0.093
  2024-07     26    5,906        482  0.082
  2024-08     28    5,741      1,121  0.195
  2024-09     26    4,928        942  0.191
  2024-10     28    5,424      1,027  0.189
  2024-11     30    3,935        446  0.113
  2024-12     31    3,537        750  0.212
  2025-01     31    2,403      1,370  0.570
  2025-02     28    3,495      1,684  0.482
  2025-03     31    3,415      1,927  0.564
  2025-04     30    3,689      2,098  0.569
  2025-05     31    4,496      2,397  0.533
  2025-06     29    6,023      3,089  0.513
  2025-07     31    7,245      3,710  0.512
  2025-08     31    8,432      4,598  0.545
  2025-09     29    6,602      3,886  0.589
  2025-10     31    6,245      3,987  0.638
  2025-11     30    4,310      2,886  0.670
  2025-12     31    3,440      2,429  0.706
  2026-01     31    3,022      1,888  0.625
  2026-02     28    3,615      2,464  0.682
  2026-03     31    4,792      2,973  0.620
  2026-04     30    5,863      3,436  0.586
  2026-05     29    5,962      2,934  0.492
  2026-06     30    8,094      3,936  0.486
  2026-07     31    6,928      4,634  0.669
  2026-08     31    7,658      5,050  0.659

EWB: 1258 days, tower ops 225,171, detected ops 36,021, detected / tower 0.160, daily correlation 0.559
  detected approaches 17,888, climb-outs 18,133, rotorcraft visits near the field 139
  by airport (detected ops): KEWB 36,021
  month     days   tower    detected  ratio
  2023-02     13    1,653         23  0.014
  2023-03     30    5,429         14  0.003
  2023-04     29    4,736         41  0.009
  2023-05     29    5,935        103  0.017
  2023-06     30    4,599        104  0.023
  2023-07     30    4,705        129  0.027
  2023-08     30    4,763        121  0.025
  2023-09     30    4,448        115  0.026
  2023-10     31    5,286         81  0.015
  2023-11     30    4,914         51  0.010
  2023-12     30    4,453         45  0.010
  2024-01     31    3,286         17  0.005
  2024-02     29    4,303         29  0.007
  2024-03     30    3,652          1  0.000
  2024-04     30    6,766         23  0.003
  2024-05     31    5,185         16  0.003
  2024-06     29    5,769         41  0.007
  2024-07     29    3,931         13  0.003
  2024-08     31    5,687         46  0.008
  2024-09     30    4,344        506  0.116
  2024-10     31    7,201      1,984  0.276
  2024-11     30    5,493      1,515  0.276
  2024-12     30    4,274      1,288  0.301
  2025-01     29    3,276        993  0.303
  2025-02     24    3,558      1,115  0.313
  2025-03     30    4,697      1,270  0.270
  2025-04     29    5,668      1,733  0.306
  2025-05     29    4,169        744  0.178
  2025-06     28    6,128      1,156  0.189
  2025-07     30    6,269      1,315  0.210
  2025-08     30    7,204      1,244  0.173
  2025-09     29    7,914      1,618  0.204
  2025-10     31    7,085      1,495  0.211
  2025-11     29    6,460      1,367  0.212
  2025-12     28    3,746        943  0.252
  2026-01     30    4,288      1,564  0.365
  2026-02     28    4,579      1,702  0.372
  2026-03     31    6,321      2,260  0.358
  2026-04     29    6,368      1,810  0.284
  2026-05     29    6,525      1,196  0.183
  2026-06     30    6,978      1,365  0.196
  2026-07     31    6,746      2,606  0.386
  2026-08     31    6,380      2,219  0.348

GON: 1269 days, tower ops 177,033, detected ops 26,246, detected / tower 0.148, daily correlation 0.422
  detected approaches 13,071, climb-outs 13,175, rotorcraft visits near the field 533
  by airport (detected ops): KGON 26,246
  month     days   tower    detected  ratio
  2023-02     13    1,157          0  0.000
  2023-03     31    4,028          1  0.000
  2023-04     30    4,052          2  0.000
  2023-05     31    5,385         22  0.004
  2023-06     30    4,633         21  0.005
  2023-07     31    5,206         59  0.011
  2023-08     31    5,375         35  0.007
  2023-09     29    4,888         39  0.008
  2023-10     31    5,018         83  0.017
  2023-11     30    4,257          3  0.001
  2023-12     31    3,139          2  0.001
  2024-01     30    2,587          0  0.000
  2024-02     29    3,769          4  0.001
  2024-03     31    3,090          5  0.002
  2024-04     30    4,091          5  0.001
  2024-05     31    4,390          3  0.001
  2024-06     30    5,377         45  0.008
  2024-07     28    3,516        138  0.039
  2024-08     28    4,525        181  0.040
  2024-09     30    4,845        303  0.063
  2024-10     31    5,503        738  0.134
  2024-11     30    4,299        863  0.201
  2024-12     31    3,268        442  0.135
  2025-01     30    3,165        510  0.161
  2025-02     27    3,312        670  0.202
  2025-03     31    3,752        728  0.194
  2025-04     30    3,113        759  0.244
  2025-05     29    2,478        567  0.229
  2025-06     28    2,423        429  0.177
  2025-07     31    4,212        775  0.184
  2025-08     30    5,421        900  0.166
  2025-09     27    5,032        728  0.145
  2025-10     29    4,394        377  0.086
  2025-11     30    3,523        997  0.283
  2025-12     30    2,761        855  0.310
  2026-01     31    3,314      1,517  0.458
  2026-02     27    3,531      1,628  0.461
  2026-03     31    4,247      1,363  0.321
  2026-04     30    4,453      1,420  0.319
  2026-05     29    4,756      1,207  0.254
  2026-06     30    5,152      1,522  0.295
  2026-07     31    5,643      2,839  0.503
  2026-08     31    5,953      3,461  0.581

HFD: 1284 days, tower ops 273,064, detected ops 141,416, detected / tower 0.518, daily correlation 0.870
  detected approaches 69,864, climb-outs 71,552, rotorcraft visits near the field 2,750
  by airport (detected ops): KHFD 141,416
  month     days   tower    detected  ratio
  2023-02     13    1,093          0  0.000
  2023-03     31    6,469          0  0.000
  2023-04     29    5,683      3,687  0.649
  2023-05     31    8,615      4,878  0.566
  2023-06     30    6,980      3,405  0.488
  2023-07     31    8,872      4,561  0.514
  2023-08     30    7,415      3,697  0.499
  2023-09     30    6,421      3,184  0.496
  2023-10     31    6,498      3,628  0.558
  2023-11     30    7,024      3,607  0.514
  2023-12     31    5,144      2,542  0.494
  2024-01     31    4,469      2,385  0.534
  2024-02     29    6,614      4,061  0.614
  2024-03     31    5,535      3,305  0.597
  2024-04     30    7,476      4,132  0.553
  2024-05     31    7,878      4,428  0.562
  2024-06     30    9,657      5,439  0.563
  2024-07     30    9,480      5,188  0.547
  2024-08     31    7,944      3,968  0.499
  2024-09     30    7,422      3,601  0.485
  2024-10     30    7,882      3,544  0.450
  2024-11     30    5,861      2,980  0.508
  2024-12     31    5,406      2,557  0.473
  2025-01     31    4,145      2,083  0.503
  2025-02     28    4,081      2,387  0.585
  2025-03     30    4,249      2,312  0.544
  2025-04     30    5,641      3,083  0.547
  2025-05     30    5,728      2,887  0.504
  2025-06     30    7,200      3,622  0.503
  2025-07     31    7,840      4,273  0.545
  2025-08     31    8,147      4,546  0.558
  2025-09     29    8,291      4,325  0.522
  2025-10     31    6,899      4,089  0.593
  2025-11     30    4,636      2,577  0.556
  2025-12     31    5,025      2,830  0.563
  2026-01     31    4,785      2,730  0.571
  2026-02     28    4,678      2,899  0.620
  2026-03     31    4,705      2,847  0.605
  2026-04     30    5,921      3,435  0.580
  2026-05     29    5,727      2,990  0.522
  2026-06     30    7,288      2,792  0.383
  2026-07     31    5,774      3,021  0.523
  2026-08     31    6,466      2,911  0.450

HVN: 1286 days, tower ops 119,505, detected ops 90,180, detected / tower 0.755, daily correlation 0.675
  detected approaches 44,008, climb-outs 46,172, rotorcraft visits near the field 699
  by airport (detected ops): KHVN 90,180
  month     days   tower    detected  ratio
  2023-02     13      807        161  0.200
  2023-03     31    2,811          0  0.000
  2023-04     30    2,562          8  0.003
  2023-05     31    3,241          2  0.001
  2023-06     30    2,807          2  0.001
  2023-07     31    3,723      1,892  0.508
  2023-08     31    3,043      2,168  0.712
  2023-09     30    2,685      1,791  0.667
  2023-10     31    3,097      2,288  0.739
  2023-11     30    2,635      2,187  0.830
  2023-12     31    2,175      1,724  0.793
  2024-01     31    2,047      1,508  0.737
  2024-02     29    2,850      2,198  0.771
  2024-03     31    2,739      1,903  0.695
  2024-04     30    2,978      2,319  0.779
  2024-05     31    3,244      2,650  0.817
  2024-06     30    3,164      2,616  0.827
  2024-07     30    3,303      2,772  0.839
  2024-08     31    3,809      3,122  0.820
  2024-09     30    3,206      2,686  0.838
  2024-10     31    3,387      2,864  0.846
  2024-11     30    2,389      2,209  0.925
  2024-12     31    2,122      1,967  0.927
  2025-01     30    2,029      1,884  0.929
  2025-02     28    2,073      1,929  0.931
  2025-03     31    2,540      2,261  0.890
  2025-04     30    2,911      2,555  0.878
  2025-05     31    3,215      2,791  0.868
  2025-06     29    3,265      2,784  0.853
  2025-07     31    3,789      3,351  0.884
  2025-08     31    3,786      3,404  0.899
  2025-09     29    3,253      2,966  0.912
  2025-10     31    2,963      2,650  0.894
  2025-11     30    2,474      2,418  0.977
  2025-12     31    2,156      2,029  0.941
  2026-01     31    2,105      1,892  0.899
  2026-02     27    1,639      1,583  0.966
  2026-03     31    2,190      2,049  0.936
  2026-04     30    2,624      2,317  0.883
  2026-05     29    2,621      2,296  0.876
  2026-06     30    3,258      2,711  0.832
  2026-07     31    2,930      2,728  0.931
  2026-08     31    2,860      2,545  0.890

LWM: 1275 days, tower ops 270,438, detected ops 129,069, detected / tower 0.477, daily correlation 0.721
  detected approaches 65,414, climb-outs 63,655, rotorcraft visits near the field 5,106
  by airport (detected ops): KLWM 129,069
  month     days   tower    detected  ratio
  2023-02     13    1,838         12  0.007
  2023-03     31    5,255        327  0.062
  2023-04     30    5,015        301  0.060
  2023-05     31    6,653        561  0.084
  2023-06     29    5,993        694  0.116
  2023-07     31    6,757      1,447  0.214
  2023-08     31    6,229      1,223  0.196
  2023-09     30    5,620      1,033  0.184
  2023-10     31    6,461      1,723  0.267
  2023-11     30    6,112      1,518  0.248
  2023-12     30    5,013      1,680  0.335
  2024-01     31    4,434      1,919  0.433
  2024-02     26    4,801      1,668  0.347
  2024-03     29    4,848      1,333  0.275
  2024-04     30    8,387      3,484  0.415
  2024-05     30    7,751      1,331  0.172
  2024-06     29    7,466      1,285  0.172
  2024-07     31    8,325      1,273  0.153
  2024-08     31    8,577      2,528  0.295
  2024-09     30    7,690      3,664  0.476
  2024-10     31    7,876      4,003  0.508
  2024-11     30    6,863      3,652  0.532
  2024-12     30    5,396      2,781  0.515
  2025-01     30    5,744      3,212  0.559
  2025-02     28    4,213      2,302  0.546
  2025-03     31    6,133      3,914  0.638
  2025-04     30    6,851      4,298  0.627
  2025-05     30    6,572      3,862  0.588
  2025-06     30    7,420      4,424  0.596
  2025-07     31    8,003      5,894  0.736
  2025-08     31    9,809      7,392  0.754
  2025-09     27    8,302      6,311  0.760
  2025-10     31    7,634      5,922  0.776
  2025-11     30    5,419      4,481  0.827
  2025-12     30    4,540      3,378  0.744
  2026-01     31    4,721      3,413  0.723
  2026-02     28    4,214      3,019  0.716
  2026-03     31    5,621      4,360  0.776
  2026-04     30    5,405      3,820  0.707
  2026-05     29    5,133      3,375  0.658
  2026-06     30    6,830      4,718  0.691
  2026-07     31    6,502      5,152  0.792
  2026-08     31    8,012      6,382  0.797

ORH: 1266 days, tower ops 105,448, detected ops 36,053, detected / tower 0.342, daily correlation 0.635
  detected approaches 17,892, climb-outs 18,161, rotorcraft visits near the field 585
  by airport (detected ops): KORH 36,053
  month     days   tower    detected  ratio
  2023-02     12      525          3  0.006
  2023-03     31    1,626         18  0.011
  2023-04     30    1,634         11  0.007
  2023-05     31    2,568         31  0.012
  2023-06     30    2,065         16  0.008
  2023-07     27    1,858         34  0.018
  2023-08     29    2,199         58  0.026
  2023-09     29    1,784         28  0.016
  2023-10     31    2,859         44  0.015
  2023-11     30    2,655         35  0.013
  2023-12     30    1,609         26  0.016
  2024-01     31    1,766         12  0.007
  2024-02     28    1,958         17  0.009
  2024-03     31    2,077        141  0.068
  2024-04     30    2,549        968  0.380
  2024-05     31    2,900        630  0.217
  2024-06     30    3,284        431  0.131
  2024-07     31    2,722        311  0.114
  2024-08     31    2,774        467  0.168
  2024-09     30    2,831        611  0.216
  2024-10     31    3,213        974  0.303
  2024-11     30    2,504      1,290  0.515
  2024-12     28    2,254      1,221  0.542
  2025-01     31    1,656        823  0.497
  2025-02     28    1,912        917  0.480
  2025-03     31    1,868      1,094  0.586
  2025-04     29    2,638      1,391  0.527
  2025-05     30    2,306        908  0.394
  2025-06     29    2,935      1,524  0.519
  2025-07     31    2,650      1,379  0.520
  2025-08     31    3,882      1,896  0.488
  2025-09     25    2,406      1,413  0.587
  2025-10     31    3,162      1,738  0.550
  2025-11     30    2,763      1,493  0.540
  2025-12     29    2,132      1,237  0.580
  2026-01     29    2,019      1,062  0.526
  2026-02     28    2,201      1,231  0.559
  2026-03     31    2,449      1,465  0.598
  2026-04     30    3,040      1,753  0.577
  2026-05     29    2,940      1,680  0.571
  2026-06     30    3,866      2,072  0.536
  2026-07     31    3,023      1,816  0.601
  2026-08     31    3,386      1,784  0.527

OWD: 1275 days, tower ops 271,213, detected ops 164,113, detected / tower 0.605, daily correlation 0.855
  detected approaches 78,870, climb-outs 85,243, rotorcraft visits near the field 12,970
  by airport (detected ops): KOWD 164,113
  month     days   tower    detected  ratio
  2023-02     13    1,716        458  0.267
  2023-03     31    5,317      3,000  0.564
  2023-04     30    6,758      4,284  0.634
  2023-05     30    7,451      4,827  0.648
  2023-06     29    7,668      4,066  0.530
  2023-07     31    9,204      4,444  0.483
  2023-08     30    6,635      3,114  0.469
  2023-09     30    6,244      3,026  0.485
  2023-10     30    7,748      4,157  0.537
  2023-11     30    6,236      3,348  0.537
  2023-12     31    4,884      2,537  0.519
  2024-01     31    4,956      2,359  0.476
  2024-02     29    6,044      2,725  0.451
  2024-03     31    4,402      1,708  0.388
  2024-04     30    7,267      3,229  0.444
  2024-05     31    7,272      3,509  0.483
  2024-06     30    7,511      4,670  0.622
  2024-07     29    6,303      3,458  0.549
  2024-08     31    8,285      4,857  0.586
  2024-09     29    7,826      4,401  0.562
  2024-10     31    7,800      4,610  0.591
  2024-11     30    5,907      3,366  0.570
  2024-12     30    4,820      2,773  0.575
  2025-01     31    4,784      2,506  0.524
  2025-02     27    4,659      1,690  0.363
  2025-03     31    5,635      2,443  0.434
  2025-04     30    6,298      3,884  0.617
  2025-05     30    6,614      4,273  0.646
  2025-06     29    6,648      4,307  0.648
  2025-07     31    7,956      5,336  0.671
  2025-08     30    7,884      6,040  0.766
  2025-09     29    7,162      5,491  0.767
  2025-10     31    6,800      5,132  0.755
  2025-11     29    6,151      4,643  0.755
  2025-12     30    3,956      3,257  0.823
  2026-01     31    4,074      2,793  0.686
  2026-02     28    4,088      3,009  0.736
  2026-03     31    5,782      4,032  0.697
  2026-04     30    5,916      3,982  0.673
  2026-05     28    6,379      5,013  0.786
  2026-06     30    7,363      5,770  0.784
  2026-07     31    7,191      6,220  0.865
  2026-08     31    7,619      5,366  0.704

